Fitness	     Violations	Variable0	Variable1	Variable2	Variable3	Restriction0	Restriction1	Restriction2	Restriction3	Restriction4	Restriction5	Restriction6	
3.6406783076	  0	0.1960075297	5.7466825736	4.9677221026	0.5606877115	-9830.1729836836	-1625.0251871133	-0.5237404681	-1.5991983972	-0.0710075297	-0.2251216399	-157022.6800130645	
3.6406783076	  0	0.1960075297	5.7466825736	4.9677221026	0.5606877115	-9830.1729836836	-1625.0251871133	-0.5237404681	-1.5991983972	-0.0710075297	-0.2251216399	-157022.6800130645	
3.6406783076	  0	0.1960075297	5.7466825736	4.9677221026	0.5606877115	-9830.1729836836	-1625.0251871133	-0.5237404681	-1.5991983972	-0.0710075297	-0.2251216399	-157022.6800130645	
3.6406783076	  0	0.1960075297	5.7466825736	4.9677221026	0.5606877115	-9830.1729836836	-1625.0251871133	-0.5237404681	-1.5991983972	-0.0710075297	-0.2251216399	-157022.6800130645	
3.6406783076	  0	0.1960075297	5.7466825736	4.9677221026	0.5606877115	-9830.1729836836	-1625.0251871133	-0.5237404681	-1.5991983972	-0.0710075297	-0.2251216399	-157022.6800130645	
2.3429451643	  0	0.2892375005	2.3783164782	8.8334955384	0.1000000000	-7427.0956989880	-8825.0296265508	-0.0157924871	-2.8680946892	-0.1642375005	-0.2395592000	-13263.9719105295	
2.3429451643	  0	0.2892375005	2.3783164782	8.8334955384	0.1000000000	-7427.0956989880	-8825.0296265508	-0.0157924871	-2.8680946892	-0.1642375005	-0.2395592000	-13263.9719105295	
2.3429451643	  0	0.2892375005	2.3783164782	8.8334955384	0.1000000000	-7427.0956989880	-8825.0296265508	-0.0157924871	-2.8680946892	-0.1642375005	-0.2395592000	-13263.9719105295	
2.0396630681	  0	0.1622843109	2.2237451617	7.3399523810	0.2757810872	-2601.7474960804	-8083.3874715151	-0.1021585762	-3.0312339345	-0.0486225110	-0.2395462846	-8552.1791115895	
2.3429451643	  0	0.2892375005	2.3783164782	8.8334955384	0.1000000000	-7427.0956989880	-8825.0296265508	-0.0157924871	-2.8680946892	-0.1642375005	-0.2395592000	-13263.9719105295	
2.5819638756	  0	0.2812178505	1.8007508733	5.4698971644	0.5831166903	-5214.7908710352	-1112.0488450949	-0.3018988398	-2.5670766518	-0.1562178505	-0.2269971770	-87879.9512167464	
2.5819638756	  0	0.2812178505	1.8007508733	5.4698971644	0.5831166903	-5214.7908710352	-1112.0488450949	-0.3018988398	-2.5670766518	-0.1562178505	-0.2269971770	-87879.9512167464	
1.5795232777	  0	0.1888114861	1.6638115689	7.8101881509	0.2072159880	-82.9381088212	-4125.6861974269	-0.0184045019	-3.4822691685	-0.0638114861	-0.2383763324	-413.7103666160	
1.5283156063	  0	0.1000000000	1.8188706328	9.2370043513	0.2072159880	-1235.2751908944	-1493.4290633255	-0.0184045019	-3.5395834792	-0.0638114861	-0.2365582013	-219.3361113309	
1.5283156063	  0	0.1000000000	1.8188706328	9.2370043513	0.2072159880	-1235.2751908944	-1493.4290633255	-0.0184045019	-3.5395834792	-0.0638114861	-0.2365582013	-219.3361113309	
1.6290416232	  0	0.1679068898	1.4358410561	8.9575663021	0.2294961977	-144.6974476284	-2629.9885452232	-0.0615893078	-3.4265443387	-0.0429068898	-0.2366915185	-2280.7657099251	
1.5053497190	  0	0.1813975252	0.6917887781	9.0243073681	0.2108387890	-224.5092578220	-647.0154925937	-0.0294412639	-3.5548234579	-0.0563975252	-0.2358328679	-452.4192339316	
1.5053497190	  0	0.1813975252	0.6917887781	9.0243073681	0.2108387890	-224.5092578220	-647.0154925937	-0.0294412639	-3.5548234579	-0.0563975252	-0.2358328679	-452.4192339316	
1.4915761832	  0	0.1000000000	1.7157028685	9.1444657901	0.2058763291	-548.0901974387	-724.2896568298	-0.0162500634	-3.5728120138	-0.0646262656	-0.2360558303	-59.7268783428	
1.4915761832	  0	0.1000000000	1.7157028685	9.1444657901	0.2058763291	-548.0901974387	-724.2896568298	-0.0162500634	-3.5728120138	-0.0646262656	-0.2360558303	-59.7268783428	
1.5023397028	  0	0.1916674124	1.7942458868	7.2092667308	0.2106633097	-1252.3505928696	-1.1076141928	-0.0189958973	-3.5666296267	-0.0666674124	-0.2353687790	-391.9809138437	
1.5023397028	  0	0.1916674124	1.7942458868	7.2092667308	0.2106633097	-1252.3505928696	-1.1076141928	-0.0189958973	-3.5666296267	-0.0666674124	-0.2353687790	-391.9809138437	
1.5023397028	  0	0.1916674124	1.7942458868	7.2092667308	0.2106633097	-1252.3505928696	-1.1076141928	-0.0189958973	-3.5666296267	-0.0666674124	-0.2353687790	-391.9809138437	
1.4726657209	  0	0.1000000000	1.0002953129	9.0243073681	0.2064076327	-78.3214061137	-16.8660160982	-0.0250101076	-3.5868196512	-0.0563975252	-0.2355287281	-54.0819687718	
1.4712840734	  0	0.1284183647	1.7243771490	9.0252530202	0.2063144408	-21.3065159027	-9.6083527237	-0.0249615858	-3.5879233262	-0.0563528550	-0.2355267418	-46.3024121903	
1.4712840734	  0	0.1284183647	1.7243771490	9.0252530202	0.2063144408	-21.3065159027	-9.6083527237	-0.0249615858	-3.5879233262	-0.0563528550	-0.2355267418	-46.3024121903	
1.4712840734	  0	0.1284183647	1.7243771490	9.0252530202	0.2063144408	-21.3065159027	-9.6083527237	-0.0249615858	-3.5879233262	-0.0563528550	-0.2355267418	-46.3024121903	
1.4712840734	  0	0.1284183647	1.7243771490	9.0252530202	0.2063144408	-21.3065159027	-9.6083527237	-0.0249615858	-3.5879233262	-0.0563528550	-0.2355267418	-46.3024121903	
1.4712840734	  0	0.1284183647	1.7243771490	9.0252530202	0.2063144408	-21.3065159027	-9.6083527237	-0.0249615858	-3.5879233262	-0.0563528550	-0.2355267418	-46.3024121903	
1.4696667830	  0	0.1814576100	1.7218109122	8.9752662240	0.2059794814	-8.9190160506	-0.1144784306	-0.0245218714	-3.5895156906	-0.0564576100	-0.2355316280	-19.4910322597	
1.4696667830	  0	0.1814576100	1.7218109122	8.9752662240	0.2059794814	-8.9190160506	-0.1144784306	-0.0245218714	-3.5895156906	-0.0564576100	-0.2355316280	-19.4910322597	
1.4696667830	  0	0.1814576100	1.7218109122	8.9752662240	0.2059794814	-8.9190160506	-0.1144784306	-0.0245218714	-3.5895156906	-0.0564576100	-0.2355316280	-19.4910322597	
1.4696667830	  0	0.1814576100	1.7218109122	8.9752662240	0.2059794814	-8.9190160506	-0.1144784306	-0.0245218714	-3.5895156906	-0.0564576100	-0.2355316280	-19.4910322597	
1.4696667830	  0	0.1814576100	1.7218109122	8.9752662240	0.2059794814	-8.9190160506	-0.1144784306	-0.0245218714	-3.5895156906	-0.0564576100	-0.2355316280	-19.4910322597	
1.4696667830	  0	0.1814576100	1.7218109122	8.9752662240	0.2059794814	-8.9190160506	-0.1144784306	-0.0245218714	-3.5895156906	-0.0564576100	-0.2355316280	-19.4910322597	
1.4696641454	  0	0.1713747357	1.7217823465	5.1264838236	0.2059794814	-8.7974756872	-0.1144784306	-0.0245204836	-3.5895181944	-0.0564589978	-0.2355316280	-19.4910322597	
1.4696641454	  0	0.1713747357	1.7217823465	5.1264838236	0.2059794814	-8.7974756872	-0.1144784306	-0.0245204836	-3.5895181944	-0.0564589978	-0.2355316280	-19.4910322597	
1.4696520894	  0	0.1000000000	1.7174008758	9.0311393052	0.2060206056	-2.5719730340	-5.9718688283	-0.0241819586	-3.5896181080	-0.0568386470	-0.2355344214	-23.0885134334	
1.4696520894	  0	0.1000000000	1.7174008758	9.0311393052	0.2060206056	-2.5719730340	-5.9718688283	-0.0241819586	-3.5896181080	-0.0568386470	-0.2355344214	-23.0885134334	
1.4696520894	  0	0.1000000000	1.7174008758	9.0311393052	0.2060206056	-2.5719730340	-5.9718688283	-0.0241819586	-3.5896181080	-0.0568386470	-0.2355344214	-23.0885134334	
1.4695061425	  0	0.1000000000	1.7170172024	4.1919904189	0.2059934499	-11.5264509486	-1.0410016256	-0.0239943169	-3.5898546823	-0.0569991330	-0.2355318077	-20.6426402120	
1.4694551353	  0	0.1193586947	1.7165976776	2.7985151662	0.2059973571	-6.1032745348	-1.3812736868	-0.0240263695	-3.5898719846	-0.0569709876	-0.2355319167	-20.9701388959	
1.4694551353	  0	0.1193586947	1.7165976776	2.7985151662	0.2059973571	-6.1032745348	-1.3812736868	-0.0240263695	-3.5898719846	-0.0569709876	-0.2355319167	-20.9701388959	
1.4694551353	  0	0.1193586947	1.7165976776	2.7985151662	0.2059973571	-6.1032745348	-1.3812736868	-0.0240263695	-3.5898719846	-0.0569709876	-0.2355319167	-20.9701388959	
1.4694551353	  0	0.1193586947	1.7165976776	2.7985151662	0.2059973571	-6.1032745348	-1.3812736868	-0.0240263695	-3.5898719846	-0.0569709876	-0.2355319167	-20.9701388959	
1.4694551353	  0	0.1193586947	1.7165976776	2.7985151662	0.2059973571	-6.1032745348	-1.3812736868	-0.0240263695	-3.5898719846	-0.0569709876	-0.2355319167	-20.9701388959	
1.4694551353	  0	0.1193586947	1.7165976776	2.7985151662	0.2059973571	-6.1032745348	-1.3812736868	-0.0240263695	-3.5898719846	-0.0569709876	-0.2355319167	-20.9701388959	
1.4693456040	  0	0.1819459560	0.5462517327	9.0308803502	0.2059941972	-0.5499913360	-0.4062878650	-0.0240482412	-3.5899481935	-0.0569459560	-0.2355313223	-20.6590881135	
1.4693485494	  0	0.1819508973	1.7160736768	0.4640441906	0.2059973490	-0.4509502187	-0.2453568778	-0.0240464517	-3.5899463072	-0.0569508973	-0.2355310952	-20.8945274831	
1.4693485494	  0	0.1819508973	1.7160736768	0.4640441906	0.2059973490	-0.4509502187	-0.2453568778	-0.0240464517	-3.5899463072	-0.0569508973	-0.2355310952	-20.8945274831	
1.4693485494	  0	0.1819508973	1.7160736768	0.4640441906	0.2059973490	-0.4509502187	-0.2453568778	-0.0240464517	-3.5899463072	-0.0569508973	-0.2355310952	-20.8945274831	
1.4693485494	  0	0.1819508973	1.7160736768	0.4640441906	0.2059973490	-0.4509502187	-0.2453568778	-0.0240464517	-3.5899463072	-0.0569508973	-0.2355310952	-20.8945274831	
1.4693289908	  0	0.1196730512	1.7161129872	9.0309286562	0.2059909577	-0.4449860823	-0.2554405337	-0.0240443081	-3.5899645350	-0.0569466497	-0.2355313269	-20.3962291014	
1.4693289908	  0	0.1196730512	1.7161129872	9.0309286562	0.2059909577	-0.4449860823	-0.2554405337	-0.0240443081	-3.5899645350	-0.0569466497	-0.2355313269	-20.3962291014	
1.4693289908	  0	0.1196730512	1.7161129872	9.0309286562	0.2059909577	-0.4449860823	-0.2554405337	-0.0240443081	-3.5899645350	-0.0569466497	-0.2355313269	-20.3962291014	
1.4693289908	  0	0.1196730512	1.7161129872	9.0309286562	0.2059909577	-0.4449860823	-0.2554405337	-0.0240443081	-3.5899645350	-0.0569466497	-0.2355313269	-20.3962291014	
1.4693172403	  0	0.1819584368	1.7159522788	9.0308854710	0.1726630593	-0.0523656993	-0.1200631863	-0.0240335615	-3.5899780902	-0.0569584368	-0.2355311925	-20.4685252889	
1.4693157597	  0	0.1819588736	1.7159635279	9.0308854710	0.1000000000	-0.1741738391	-0.0518077782	-0.0240326560	-3.5899802669	-0.0569588736	-0.2355311595	-20.4274323578	
1.4693136071	  0	0.1819600426	1.7159488244	9.0308808817	0.1000000000	-0.1450099428	-0.0129887575	-0.0240314298	-3.5899826436	-0.0569600426	-0.2355311335	-20.4204060726	
1.4693136071	  0	0.1819600426	1.7159488244	9.0308808817	0.1000000000	-0.1450099428	-0.0129887575	-0.0240314298	-3.5899826436	-0.0569600426	-0.2355311335	-20.4204060726	
1.4693127913	  0	0.1819600421	1.7159397294	8.2011804755	0.2059914908	-0.0728927346	-0.0244382471	-0.0240314487	-3.5899831264	-0.0569600421	-0.2355311411	-20.4225963834	
1.4693126016	  0	0.1819584453	1.7159639848	9.0308931346	0.1586415797	-0.1457797535	-0.0149813615	-0.0240324818	-3.5899831626	-0.0569584453	-0.2355311541	-20.3779684637	
1.4693113024	  0	0.1819582220	1.7159585257	7.5747668009	0.2059908141	-0.0858237174	-0.0119424588	-0.0240325922	-3.5899841166	-0.0569582220	-0.2355311558	-20.3689483564	
1.4693112293	  0	0.1819586107	1.7159493621	4.3818219112	0.1738294362	-0.0422493507	-0.0124132433	-0.0240324387	-3.5899841078	-0.0569586107	-0.2355311479	-20.3873420259	
1.4693112293	  0	0.1819586107	1.7159493621	4.3818219112	0.1738294362	-0.0422493507	-0.0124132433	-0.0240324387	-3.5899841078	-0.0569586107	-0.2355311479	-20.3873420259	
1.4693112293	  0	0.1819586107	1.7159493621	4.3818219112	0.1738294362	-0.0422493507	-0.0124132433	-0.0240324387	-3.5899841078	-0.0569586107	-0.2355311479	-20.3873420259	
1.4693112293	  0	0.1819586107	1.7159493621	4.3818219112	0.1738294362	-0.0422493507	-0.0124132433	-0.0240324387	-3.5899841078	-0.0569586107	-0.2355311479	-20.3873420259	
1.4693112293	  0	0.1819586107	1.7159493621	4.3818219112	0.1738294362	-0.0422493507	-0.0124132433	-0.0240324387	-3.5899841078	-0.0569586107	-0.2355311479	-20.3873420259	
1.4693112293	  0	0.1819586107	1.7159493621	4.3818219112	0.1738294362	-0.0422493507	-0.0124132433	-0.0240324387	-3.5899841078	-0.0569586107	-0.2355311479	-20.3873420259	
1.4693112293	  0	0.1819586107	1.7159493621	4.3818219112	0.1738294362	-0.0422493507	-0.0124132433	-0.0240324387	-3.5899841078	-0.0569586107	-0.2355311479	-20.3873420259	
1.4693112293	  0	0.1819586107	1.7159493621	4.3818219112	0.1738294362	-0.0422493507	-0.0124132433	-0.0240324387	-3.5899841078	-0.0569586107	-0.2355311479	-20.3873420259	
1.4693112293	  0	0.1819586107	1.7159493621	4.3818219112	0.1738294362	-0.0422493507	-0.0124132433	-0.0240324387	-3.5899841078	-0.0569586107	-0.2355311479	-20.3873420259	
1.4693112293	  0	0.1819586107	1.7159493621	4.3818219112	0.1738294362	-0.0422493507	-0.0124132433	-0.0240324387	-3.5899841078	-0.0569586107	-0.2355311479	-20.3873420259	
1.4693088450	  0	0.1819586939	1.7159463411	6.1437336998	0.2059902424	-0.0245249952	-0.0420270312	-0.0240315485	-3.5899864359	-0.0569586939	-0.2355311977	-20.3262983385	
1.4693089236	  0	0.1819585990	1.7159492523	9.0309077895	0.2059903107	-0.0405068656	-0.0225698255	-0.0240317117	-3.5899864019	-0.0569585990	-0.2355311812	-20.3303456940	
1.4693086927	  0	0.1819585970	1.7159465455	9.0309106854	0.1000777154	-0.0188989589	-0.0345744061	-0.0240316640	-3.5899865325	-0.0569585970	-0.2355311916	-20.3272594022	
1.4693084487	  0	0.1819584954	1.7159495560	4.2971770155	0.2059902292	-0.0351698078	-0.0155912112	-0.0240317338	-3.5899868203	-0.0569584954	-0.2355311790	-20.3235270656	
1.4693080483	  0	0.1819585116	1.7159478776	9.0309062747	0.1000000000	-0.0230761971	-0.0038517654	-0.0240317397	-3.5899871700	-0.0569585116	-0.2355311698	-20.3244713400	
1.4693080483	  0	0.1819585116	1.7159478776	9.0309062747	0.1000000000	-0.0230761971	-0.0038517654	-0.0240317397	-3.5899871700	-0.0569585116	-0.2355311698	-20.3244713400	
1.4693080483	  0	0.1819585116	1.7159478776	9.0309062747	0.1000000000	-0.0230761971	-0.0038517654	-0.0240317397	-3.5899871700	-0.0569585116	-0.2355311698	-20.3244713400	
1.4693077450	  0	0.1819585978	1.7159483007	9.0309078333	0.2059901548	-0.0328709648	-0.0001544679	-0.0240315570	-3.5899875449	-0.0569585978	-0.2355311705	-20.3166950122	
1.4693076758	  0	0.1819587951	1.4365920172	9.0309073875	0.2059901834	-0.0267759179	-0.0013661419	-0.0240313884	-3.5899876465	-0.0569587951	-0.2355311703	-20.3190119754	
1.4693076222	  0	0.1061768451	1.7159453942	9.0309074425	0.2059901766	-0.0266883667	-0.0007346419	-0.0240313533	-3.5899877084	-0.0569588233	-0.2355311701	-20.3184359933	
1.4693075133	  0	0.1819584854	1.0945695270	9.0309070865	0.2059901960	-0.0044088304	-0.0011941450	-0.0240317105	-3.5899876107	-0.0569584854	-0.2355311698	-20.3199803273	
1.4693074707	  0	0.1537287265	1.7159457614	9.0309071253	0.2059901922	-0.0019577882	-0.0009038470	-0.0240317388	-3.5899876323	-0.0569584534	-0.2355311697	-20.3196676209	
1.4693074707	  0	0.1537287265	1.7159457614	9.0309071253	0.2059901922	-0.0019577882	-0.0009038470	-0.0240317388	-3.5899876323	-0.0569584534	-0.2355311697	-20.3196676209	
1.4693074707	  0	0.1537287265	1.7159457614	9.0309071253	0.2059901922	-0.0019577882	-0.0009038470	-0.0240317388	-3.5899876323	-0.0569584534	-0.2355311697	-20.3196676209	
1.4693074707	  0	0.1537287265	1.7159457614	9.0309071253	0.2059901922	-0.0019577882	-0.0009038470	-0.0240317388	-3.5899876323	-0.0569584534	-0.2355311697	-20.3196676209	
1.4693074707	  0	0.1537287265	1.7159457614	9.0309071253	0.2059901922	-0.0019577882	-0.0009038470	-0.0240317388	-3.5899876323	-0.0569584534	-0.2355311697	-20.3196676209	
1.4693073417	  0	0.1819585407	1.7159455987	9.0309101098	0.1000000000	-0.0071900016	-0.0072214122	-0.0240315588	-3.5899878121	-0.0569585407	-0.2355311775	-20.3128419894	
1.4693073417	  0	0.1819585407	1.7159455987	9.0309101098	0.1000000000	-0.0071900016	-0.0072214122	-0.0240315588	-3.5899878121	-0.0569585407	-0.2355311775	-20.3128419894	
1.4693073417	  0	0.1819585407	1.7159455987	9.0309101098	0.1000000000	-0.0071900016	-0.0072214122	-0.0240315588	-3.5899878121	-0.0569585407	-0.2355311775	-20.3128419894	
1.4693073417	  0	0.1819585407	1.7159455987	9.0309101098	0.1000000000	-0.0071900016	-0.0072214122	-0.0240315588	-3.5899878121	-0.0569585407	-0.2355311775	-20.3128419894	
1.4693073417	  0	0.1819585407	1.7159455987	9.0309101098	0.1000000000	-0.0071900016	-0.0072214122	-0.0240315588	-3.5899878121	-0.0569585407	-0.2355311775	-20.3128419894	
1.4693071285	  0	0.1819584419	1.7159457382	5.8999994893	0.2059900840	-0.0009088456	-0.0025262414	-0.0240316422	-3.5899879661	-0.0569584419	-0.2355311747	-20.3113292256	
1.4693070756	  0	0.1819585551	1.7159448714	9.0309098366	0.1289077911	-0.0025045866	-0.0023820139	-0.0240315235	-3.5899880610	-0.0569585551	-0.2355311747	-20.3109013976	
1.4693070756	  0	0.1819585551	1.7159448714	9.0309098366	0.1289077911	-0.0025045866	-0.0023820139	-0.0240315235	-3.5899880610	-0.0569585551	-0.2355311747	-20.3109013976	
1.4693070756	  0	0.1819585551	1.7159448714	9.0309098366	0.1289077911	-0.0025045866	-0.0023820139	-0.0240315235	-3.5899880610	-0.0569585551	-0.2355311747	-20.3109013976	
1.4693070756	  0	0.1819585551	1.7159448714	9.0309098366	0.1289077911	-0.0025045866	-0.0023820139	-0.0240315235	-3.5899880610	-0.0569585551	-0.2355311747	-20.3109013976	
1.4693070214	  0	0.1819585475	0.6353636198	9.0309098455	0.2059900714	-0.0019008655	-0.0013788499	-0.0240315239	-3.5899881101	-0.0569585475	-0.2355311743	-20.3102659892	
1.4693070008	  0	0.1000000000	1.7159447910	9.0309098079	0.2059900705	-0.0013557940	-0.0010067322	-0.0240315223	-3.5899881285	-0.0569585483	-0.2355311740	-20.3101756187	
1.4693070008	  0	0.1000000000	1.7159447910	9.0309098079	0.2059900705	-0.0013557940	-0.0010067322	-0.0240315223	-3.5899881285	-0.0569585483	-0.2355311740	-20.3101756187	
1.4693070008	  0	0.1000000000	1.7159447910	9.0309098079	0.2059900705	-0.0013557940	-0.0010067322	-0.0240315223	-3.5899881285	-0.0569585483	-0.2355311740	-20.3101756187	
1.4693069877	  0	0.1819585488	1.7159447895	0.1833475488	0.2059900714	-0.0013829182	-0.0003092580	-0.0240315226	-3.5899881419	-0.0569585488	-0.2355311735	-20.3102001942	
1.4693069877	  0	0.1819585488	1.7159447895	0.1833475488	0.2059900714	-0.0013829182	-0.0003092580	-0.0240315226	-3.5899881419	-0.0569585488	-0.2355311735	-20.3102001942	
1.4693069877	  0	0.1819585488	1.7159447895	0.1833475488	0.2059900714	-0.0013829182	-0.0003092580	-0.0240315226	-3.5899881419	-0.0569585488	-0.2355311735	-20.3102001942	
1.4693069811	  0	0.1819585489	0.1000000000	9.0309097029	0.2059900700	-0.0013882961	-0.0002336210	-0.0240315211	-3.5899881485	-0.0569585489	-0.2355311735	-20.3100843866	
1.4693069811	  0	0.1819585489	0.1000000000	9.0309097029	0.2059900700	-0.0013882961	-0.0002336210	-0.0240315211	-3.5899881485	-0.0569585489	-0.2355311735	-20.3100843866	
1.4693069716	  0	0.1819585441	0.6507846421	9.0309096507	0.2059900714	-0.0005421181	-0.0000927253	-0.0240315273	-3.5899881527	-0.0569585441	-0.2355311733	-20.3101853172	
1.4693069716	  0	0.1819585441	0.6507846421	9.0309096507	0.2059900714	-0.0005421181	-0.0000927253	-0.0240315273	-3.5899881527	-0.0569585441	-0.2355311733	-20.3101853172	
1.4693069716	  0	0.1819585441	0.6507846421	9.0309096507	0.2059900714	-0.0005421181	-0.0000927253	-0.0240315273	-3.5899881527	-0.0569585441	-0.2355311733	-20.3101853172	
1.4693069716	  0	0.1819585441	0.6507846421	9.0309096507	0.2059900714	-0.0005421181	-0.0000927253	-0.0240315273	-3.5899881527	-0.0569585441	-0.2355311733	-20.3101853172	
1.4693069637	  0	0.1819585461	1.7159447286	7.6809391151	0.2059900690	-0.0006966892	-0.0000538555	-0.0240315229	-3.5899881618	-0.0569585461	-0.2355311734	-20.3099907832	
1.4693069635	  0	0.1819585459	1.7159447287	9.0309097013	0.1000000000	-0.0006830547	-0.0000606176	-0.0240315230	-3.5899881619	-0.0569585459	-0.2355311734	-20.3099857854	
1.4693069635	  0	0.1819585459	1.7159447287	9.0309097013	0.1000000000	-0.0006830547	-0.0000606176	-0.0240315230	-3.5899881619	-0.0569585459	-0.2355311734	-20.3099857854	
1.4693069607	  0	0.1779134518	1.7159447192	9.0309096949	0.2059900690	-0.0004851576	-0.0000284247	-0.0240315247	-3.5899881633	-0.0569585443	-0.2355311734	-20.3099893587	
1.4693069602	  0	0.1000000000	1.7159447227	9.0309097026	0.2059900686	-0.0005684871	-0.0000228196	-0.0240315236	-3.5899881645	-0.0569585450	-0.2355311734	-20.3099584903	
1.4693069595	  0	0.1819585444	1.7159447237	9.0309097037	0.1282165424	-0.0005279178	-0.0000198227	-0.0240315242	-3.5899881647	-0.0569585444	-0.2355311734	-20.3099527307	
1.4693069577	  0	0.1000000000	1.7159447287	9.0309097362	0.2059900674	-0.0005814215	-0.0000721634	-0.0240315229	-3.5899881669	-0.0569585445	-0.2355311735	-20.3098684762	
1.4693069562	  0	0.1819585467	1.7159447235	9.0309097306	0.1000000000	-0.0006989604	-0.0000048907	-0.0240315205	-3.5899881695	-0.0569585467	-0.2355311734	-20.3098478838	
1.4693069562	  0	0.1819585467	1.7159447235	9.0309097306	0.1000000000	-0.0006989604	-0.0000048907	-0.0240315205	-3.5899881695	-0.0569585467	-0.2355311734	-20.3098478838	
1.4693069562	  0	0.1819585467	1.7159447235	9.0309097306	0.1000000000	-0.0006989604	-0.0000048907	-0.0240315205	-3.5899881695	-0.0569585467	-0.2355311734	-20.3098478838	
1.4693069562	  0	0.1819585467	1.7159447235	9.0309097306	0.1000000000	-0.0006989604	-0.0000048907	-0.0240315205	-3.5899881695	-0.0569585467	-0.2355311734	-20.3098478838	
1.4693069562	  0	0.1819585467	1.7159447235	9.0309097306	0.1000000000	-0.0006989604	-0.0000048907	-0.0240315205	-3.5899881695	-0.0569585467	-0.2355311734	-20.3098478838	
1.4693069535	  0	0.1819585443	1.7159447222	9.0309097381	0.1000000000	-0.0005140939	-0.0000105153	-0.0240315226	-3.5899881706	-0.0569585443	-0.2355311734	-20.3098244462	
1.4693069515	  0	0.1819585430	0.1436787790	7.7208069210	0.2059900670	-0.0003277713	-0.0000039741	-0.0240315240	-3.5899881714	-0.0569585430	-0.2355311734	-20.3098327019	
1.4693069515	  0	0.1819585430	0.1436787790	7.7208069210	0.2059900670	-0.0003277713	-0.0000039741	-0.0240315240	-3.5899881714	-0.0569585430	-0.2355311734	-20.3098327019	
1.4693069515	  0	0.1819585430	0.1436787790	7.7208069210	0.2059900670	-0.0003277713	-0.0000039741	-0.0240315240	-3.5899881714	-0.0569585430	-0.2355311734	-20.3098327019	
1.4693069515	  0	0.1819585430	0.1436787790	7.7208069210	0.2059900670	-0.0003277713	-0.0000039741	-0.0240315240	-3.5899881714	-0.0569585430	-0.2355311734	-20.3098327019	
1.4693069515	  0	0.1819585430	0.1436787790	7.7208069210	0.2059900670	-0.0003277713	-0.0000039741	-0.0240315240	-3.5899881714	-0.0569585430	-0.2355311734	-20.3098327019	
1.4693069515	  0	0.1819585430	0.1436787790	7.7208069210	0.2059900670	-0.0003277713	-0.0000039741	-0.0240315240	-3.5899881714	-0.0569585430	-0.2355311734	-20.3098327019	
1.4693069511	  0	0.1819585427	1.7159447082	6.8439409106	0.1000000000	-0.0002812709	-0.0000070363	-0.0240315243	-3.5899881715	-0.0569585427	-0.2355311734	-20.3098364374	
1.4693069511	  0	0.1819585427	1.7159447082	6.8439409106	0.1000000000	-0.0002812709	-0.0000070363	-0.0240315243	-3.5899881715	-0.0569585427	-0.2355311734	-20.3098364374	
1.4693069511	  0	0.1819585427	1.7159447082	6.8439409106	0.1000000000	-0.0002812709	-0.0000070363	-0.0240315243	-3.5899881715	-0.0569585427	-0.2355311734	-20.3098364374	
1.4693069509	  0	0.1819585429	1.7159447084	9.0309097345	0.1008648263	-0.0002951299	-0.0000007269	-0.0240315241	-3.5899881718	-0.0569585429	-0.2355311734	-20.3098315397	
1.4693069509	  0	0.1819585429	0.9890514460	8.5861530478	0.2059900670	-0.0002945956	-0.0000006239	-0.0240315241	-3.5899881718	-0.0569585429	-0.2355311734	-20.3098314286	
1.4693069509	  0	0.1819585429	0.9890514460	8.5861530478	0.2059900670	-0.0002945956	-0.0000006239	-0.0240315241	-3.5899881718	-0.0569585429	-0.2355311734	-20.3098314286	
1.4693069509	  0	0.1819585429	0.9890514460	8.5861530478	0.2059900670	-0.0002945956	-0.0000006239	-0.0240315241	-3.5899881718	-0.0569585429	-0.2355311734	-20.3098314286	
1.4693069509	  0	0.1819585429	0.9890514460	8.5861530478	0.2059900670	-0.0002945956	-0.0000006239	-0.0240315241	-3.5899881718	-0.0569585429	-0.2355311734	-20.3098314286	
1.4693069509	  0	0.1819585429	0.9890514460	8.5861530478	0.2059900670	-0.0002945956	-0.0000006239	-0.0240315241	-3.5899881718	-0.0569585429	-0.2355311734	-20.3098314286	
1.4693069506	  0	0.1819585425	1.7159447077	9.0309097345	0.1549304058	-0.0002593436	-0.0000023933	-0.0240315245	-3.5899881718	-0.0569585425	-0.2355311734	-20.3098326709	
1.4693069506	  0	0.1819585425	1.7159447077	9.0309097345	0.1549304058	-0.0002593436	-0.0000023933	-0.0240315245	-3.5899881718	-0.0569585425	-0.2355311734	-20.3098326709	
1.4693069506	  0	0.1819585425	1.7159447077	9.0309097345	0.1549304058	-0.0002593436	-0.0000023933	-0.0240315245	-3.5899881718	-0.0569585425	-0.2355311734	-20.3098326709	
1.4693069505	  0	0.1556062334	1.7159447077	9.0309097345	0.2059900670	-0.0002593436	-0.0000010192	-0.0240315245	-3.5899881719	-0.0569585425	-0.2355311734	-20.3098318393	
1.4693069505	  0	0.1556062334	1.7159447077	9.0309097345	0.2059900670	-0.0002593436	-0.0000010192	-0.0240315245	-3.5899881719	-0.0569585425	-0.2355311734	-20.3098318393	
1.4693069505	  0	0.1819585424	1.7159447077	9.0309097345	0.2059900670	-0.0002528067	-0.0000022916	-0.0240315246	-3.5899881718	-0.0569585424	-0.2355311734	-20.3098325524	
1.4693069505	  0	0.1819585425	1.7159447077	9.0309097345	0.2059900670	-0.0002597880	-0.0000008541	-0.0240315245	-3.5899881719	-0.0569585425	-0.2355311734	-20.3098316814	
1.4693069505	  0	0.1819585424	1.7159447076	1.3132743142	0.2059900670	-0.0002535271	-0.0000005052	-0.0240315246	-3.5899881719	-0.0569585424	-0.2355311734	-20.3098323523	
1.4693069505	  0	0.1819585424	1.7159447076	1.3132743142	0.2059900670	-0.0002535271	-0.0000005052	-0.0240315246	-3.5899881719	-0.0569585424	-0.2355311734	-20.3098323523	
1.4693069505	  0	0.1819585424	1.7159447076	1.3132743142	0.2059900670	-0.0002535271	-0.0000005052	-0.0240315246	-3.5899881719	-0.0569585424	-0.2355311734	-20.3098323523	
1.4693069505	  0	0.1819585424	1.7159447076	1.3132743142	0.2059900670	-0.0002535271	-0.0000005052	-0.0240315246	-3.5899881719	-0.0569585424	-0.2355311734	-20.3098323523	
1.4693069504	  0	0.1819585424	1.7159447076	9.0309097345	0.2059900670	-0.0002512378	-0.0000005622	-0.0240315246	-3.5899881719	-0.0569585424	-0.2355311734	-20.3098315725	
1.4693069504	  0	0.1819585424	1.7159447076	9.0309097345	0.2059900670	-0.0002512378	-0.0000005622	-0.0240315246	-3.5899881719	-0.0569585424	-0.2355311734	-20.3098315725	
1.4693069504	  0	0.1651120637	1.7159447076	9.0309097345	0.2059900670	-0.0002486511	-0.0000008961	-0.0240315247	-3.5899881719	-0.0569585423	-0.2355311734	-20.3098317107	
1.4693069504	  0	0.1651120637	1.7159447076	9.0309097345	0.2059900670	-0.0002486511	-0.0000008961	-0.0240315247	-3.5899881719	-0.0569585423	-0.2355311734	-20.3098317107	
1.4693069504	  0	0.1819585423	1.7159447077	9.0309097344	0.2059900670	-0.0002500676	-0.0000000196	-0.0240315247	-3.5899881719	-0.0569585423	-0.2355311734	-20.3098314572	
1.4693069504	  0	0.1000000000	1.7159447076	7.7787345438	0.2059900670	-0.0002484391	-0.0000004309	-0.0240315247	-3.5899881719	-0.0569585423	-0.2355311734	-20.3098315637	
1.4693069504	  0	0.1000000000	1.7159447076	7.7787345438	0.2059900670	-0.0002484391	-0.0000004309	-0.0240315247	-3.5899881719	-0.0569585423	-0.2355311734	-20.3098315637	
1.4693069504	  0	0.1000000000	1.7159447076	7.7787345438	0.2059900670	-0.0002484391	-0.0000004309	-0.0240315247	-3.5899881719	-0.0569585423	-0.2355311734	-20.3098315637	
1.4693069504	  0	0.1819585423	1.7159447076	9.0309097344	0.2059900670	-0.0002478073	-0.0000004041	-0.0240315247	-3.5899881719	-0.0569585423	-0.2355311734	-20.3098315529	
1.4693069504	  0	0.1819585423	0.3700409369	9.0309097344	0.2059900670	-0.0002476434	-0.0000001139	-0.0240315247	-3.5899881719	-0.0569585423	-0.2355311734	-20.3098314620	
1.4693069504	  0	0.1819585423	0.3700409369	9.0309097344	0.2059900670	-0.0002476434	-0.0000001139	-0.0240315247	-3.5899881719	-0.0569585423	-0.2355311734	-20.3098314620	
1.4693069504	  0	0.1819585423	1.4994510178	9.0309097344	0.2059900670	-0.0002474011	-0.0000001210	-0.0240315247	-3.5899881719	-0.0569585423	-0.2355311734	-20.3098313706	
1.4693069504	  0	0.1819585423	1.4994510178	9.0309097344	0.2059900670	-0.0002474011	-0.0000001210	-0.0240315247	-3.5899881719	-0.0569585423	-0.2355311734	-20.3098313706	
1.4693069504	  0	0.1819585423	1.7159447076	9.0309097344	0.1753534218	-0.0002471609	-0.0000000827	-0.0240315247	-3.5899881719	-0.0569585423	-0.2355311734	-20.3098313672	
1.4693069504	  0	0.1819585423	1.7159447076	7.8959666440	0.2059900670	-0.0002470512	-0.0000000247	-0.0240315247	-3.5899881719	-0.0569585423	-0.2355311734	-20.3098313488	
1.4693069504	  0	0.1819585423	1.7159447076	6.1778386849	0.2059900670	-0.0002468740	-0.0000000558	-0.0240315247	-3.5899881719	-0.0569585423	-0.2355311734	-20.3098313455	
1.4693069504	  0	0.1819585423	1.7159447076	6.1778386849	0.2059900670	-0.0002468740	-0.0000000558	-0.0240315247	-3.5899881719	-0.0569585423	-0.2355311734	-20.3098313455	
1.4693069504	  0	0.1819585423	1.7159447076	6.1778386849	0.2059900670	-0.0002468740	-0.0000000558	-0.0240315247	-3.5899881719	-0.0569585423	-0.2355311734	-20.3098313455	
1.4693069504	  0	0.1819585423	1.7159447076	9.0309097344	0.1197063472	-0.0002467439	-0.0000000553	-0.0240315247	-3.5899881719	-0.0569585423	-0.2355311734	-20.3098313368	
1.4693069504	  0	0.1819585423	1.7159447076	9.0309097344	0.1197063472	-0.0002467439	-0.0000000553	-0.0240315247	-3.5899881719	-0.0569585423	-0.2355311734	-20.3098313368	
1.4693069504	  0	0.1819585423	1.0932089987	9.0309097344	0.2059900670	-0.0002469011	-0.0000000125	-0.0240315247	-3.5899881719	-0.0569585423	-0.2355311734	-20.3098312992	
1.4693069504	  0	0.1819585423	1.0932089987	9.0309097344	0.2059900670	-0.0002469011	-0.0000000125	-0.0240315247	-3.5899881719	-0.0569585423	-0.2355311734	-20.3098312992	
1.4693069504	  0	0.1819585423	1.0932089987	9.0309097344	0.2059900670	-0.0002469011	-0.0000000125	-0.0240315247	-3.5899881719	-0.0569585423	-0.2355311734	-20.3098312992	
1.4693069504	  0	0.1819585423	1.7159447076	9.0309097344	0.1000000000	-0.0002468780	-0.0000000045	-0.0240315247	-3.5899881719	-0.0569585423	-0.2355311734	-20.3098312950	
1.4693069504	  0	0.1819585423	1.7159447076	9.0309097344	0.1000000000	-0.0002468780	-0.0000000045	-0.0240315247	-3.5899881719	-0.0569585423	-0.2355311734	-20.3098312950	
1.4693069504	  0	0.1819585423	1.7159447076	9.0309097344	0.1000000000	-0.0002468780	-0.0000000045	-0.0240315247	-3.5899881719	-0.0569585423	-0.2355311734	-20.3098312950	
1.4693069504	  0	0.1819585423	1.7159447076	9.0309097344	0.1000000000	-0.0002468780	-0.0000000045	-0.0240315247	-3.5899881719	-0.0569585423	-0.2355311734	-20.3098312950	
1.4693069504	  0	0.1276676314	1.7159447076	9.0309097344	0.2059900670	-0.0002466074	-0.0000000145	-0.0240315247	-3.5899881719	-0.0569585423	-0.2355311734	-20.3098313116	
1.4693069504	  0	0.1276676314	1.7159447076	9.0309097344	0.2059900670	-0.0002466074	-0.0000000145	-0.0240315247	-3.5899881719	-0.0569585423	-0.2355311734	-20.3098313116	
1.4693069504	  0	0.1276676314	1.7159447076	9.0309097344	0.2059900670	-0.0002466074	-0.0000000145	-0.0240315247	-3.5899881719	-0.0569585423	-0.2355311734	-20.3098313116	
1.4693069504	  0	0.1276676314	1.7159447076	9.0309097344	0.2059900670	-0.0002466074	-0.0000000145	-0.0240315247	-3.5899881719	-0.0569585423	-0.2355311734	-20.3098313116	
1.4693069504	  0	0.1647616682	1.7159447076	9.0309097344	0.2059900670	-0.0002465250	-0.0000000144	-0.0240315247	-3.5899881719	-0.0569585423	-0.2355311734	-20.3098313123	
1.4693069504	  0	0.1819585423	0.6449382187	9.0309097344	0.2059900670	-0.0002464614	-0.0000000138	-0.0240315247	-3.5899881719	-0.0569585423	-0.2355311734	-20.3098313111	
1.4693069504	  0	0.1819585423	1.7159447076	9.0309097344	0.2059900670	-0.0002464723	-0.0000000073	-0.0240315247	-3.5899881719	-0.0569585423	-0.2355311734	-20.3098313050	
1.4693069504	  0	0.1819585423	1.7159447076	8.7611992657	0.2059900670	-0.0002464374	-0.0000000081	-0.0240315247	-3.5899881719	-0.0569585423	-0.2355311734	-20.3098313106	
1.4693069504	  0	0.1819585423	1.7159447076	8.7611992657	0.2059900670	-0.0002464374	-0.0000000081	-0.0240315247	-3.5899881719	-0.0569585423	-0.2355311734	-20.3098313106	
1.4693069504	  0	0.1819585423	1.7159447076	8.7611992657	0.2059900670	-0.0002464374	-0.0000000081	-0.0240315247	-3.5899881719	-0.0569585423	-0.2355311734	-20.3098313106	
1.4693069504	  0	0.1819585423	1.7159447076	8.7611992657	0.2059900670	-0.0002464374	-0.0000000081	-0.0240315247	-3.5899881719	-0.0569585423	-0.2355311734	-20.3098313106	
1.4693069504	  0	0.1819585423	1.7159447076	9.0309097344	0.2059900670	-0.0002464477	-0.0000000067	-0.0240315247	-3.5899881719	-0.0569585423	-0.2355311734	-20.3098313043	
1.4693069504	  0	0.1819585423	1.7159447076	9.0309097344	0.2059900670	-0.0002464339	-0.0000000073	-0.0240315247	-3.5899881719	-0.0569585423	-0.2355311734	-20.3098313054	
1.4693069504	  0	0.1638969861	1.7159447076	9.0309097344	0.2059900670	-0.0002464352	-0.0000000035	-0.0240315247	-3.5899881719	-0.0569585423	-0.2355311734	-20.3098313050	
1.4693069504	  0	0.1819585423	1.7159447076	9.0309097344	0.2059900670	-0.0002464165	-0.0000000024	-0.0240315247	-3.5899881719	-0.0569585423	-0.2355311734	-20.3098313044	
1.4693069504	  0	0.1819585423	1.7159447076	9.0309097344	0.2059900670	-0.0002464166	-0.0000000018	-0.0240315247	-3.5899881719	-0.0569585423	-0.2355311734	-20.3098313044	
1.4693069504	  0	0.1819585423	1.7159447076	9.0309097344	0.2059900670	-0.0002464113	-0.0000000016	-0.0240315247	-3.5899881719	-0.0569585423	-0.2355311734	-20.3098313043	
1.4693069504	  0	0.1819585423	1.7159447076	9.0309097344	0.2059900670	-0.0002464113	-0.0000000016	-0.0240315247	-3.5899881719	-0.0569585423	-0.2355311734	-20.3098313043	
1.4693069504	  0	0.1819585423	1.7159447076	9.0309097344	0.2059900670	-0.0002464113	-0.0000000016	-0.0240315247	-3.5899881719	-0.0569585423	-0.2355311734	-20.3098313043	
1.4693069504	  0	0.1819585423	1.7159447076	9.0309097344	0.2059900670	-0.0002464113	-0.0000000016	-0.0240315247	-3.5899881719	-0.0569585423	-0.2355311734	-20.3098313043	
1.4693069504	  0	0.1819585423	1.7159447076	9.0309097344	0.2059900670	-0.0002464113	-0.0000000016	-0.0240315247	-3.5899881719	-0.0569585423	-0.2355311734	-20.3098313043	
1.4693069504	  0	0.1819585423	1.7159447076	9.0309097344	0.2059900670	-0.0002464113	-0.0000000016	-0.0240315247	-3.5899881719	-0.0569585423	-0.2355311734	-20.3098313043	
