Fitness	     Violations	Variable0	Variable1	Variable2	Variable3	Restriction0	Restriction1	Restriction2	Restriction3	
26733.7526593748	  0	1.5048384448	2.0949242601	71.2773115565	62.3133195746	-0.1291863318	-1.4149387079	-1215414.6267107446	-177.6866804254	
15593.3971955395	  0	1.5289941346	1.3941846878	56.9636850392	79.6492530188	-0.4295950134	-0.8507511325	-290199.6625755606	-160.3507469812	
14051.2258431929	  0	1.0490984874	1.0997795289	55.6785374564	73.3531220178	-0.5975846580	-0.5686062816	-141427.0105262632	-166.6468779822	
13012.1098554305	  0	1.6645947914	0.8104843776	55.6705470961	21.4927122347	-0.5901532325	-0.2793873583	-230438.1299167385	-157.4518056881	
10600.1864618803	  0	1.4651466527	0.6529002476	23.7558966262	77.7950395032	-0.3785673194	-0.1158035202	-226140.1947142524	-162.2049604968	
10174.2197282715	  0	1.3874486197	0.8104843776	55.6705470961	10.0000000000	-0.3130070608	-0.2793873583	-70493.3546142159	-173.8792232784	
9962.7143482361	  0	1.3717886201	0.1938900107	55.6076570736	64.9533504434	-0.3064510349	-0.2642289162	-55252.1774725476	-175.0466495566	
8694.6899561085	  0	1.3704285007	0.6034285841	55.2748092762	58.0149938403	-0.3036246817	-0.0761069036	-18288.9169914001	-176.7735450338	
8529.6419471633	  0	1.4041446092	0.5427888693	10.0000000000	62.1731506490	-0.3347208139	-0.0141721332	-16338.3937637187	-177.8268493510	
8529.6419471633	  0	1.4041446092	0.5427888693	10.0000000000	62.1731506490	-0.3347208139	-0.0141721332	-16338.3937637187	-177.8268493510	
8324.6629128175	  0	1.2300537555	0.6131458135	56.1747997004	66.9084222279	-0.1458801213	-0.0772382244	-109834.0391932472	-173.0915777721	
7487.2029676026	  0	1.2300537555	0.5357531749	55.3341353077	25.1412508698	-0.1621049441	-0.0078655241	-7185.7517057809	-178.3003765089	
7487.2029676026	  0	1.2300537555	0.5357531749	55.3341353077	25.1412508698	-0.1621049441	-0.0078655241	-7185.7517057809	-178.3003765089	
7487.2029676026	  0	1.2300537555	0.5357531749	55.3341353077	25.1412508698	-0.1621049441	-0.0078655241	-7185.7517057809	-178.3003765089	
6800.9584742882	  0	0.6411744553	0.5426273036	54.8236985452	64.2751945720	-0.0271639715	-0.0196092195	-1147.2479829325	-175.7248054280	
6800.9584742882	  0	0.6411744553	0.5426273036	54.8236985452	64.2751945720	-0.0271639715	-0.0196092195	-1147.2479829325	-175.7248054280	
6809.3237453343	  0	1.0792055127	0.1384698259	54.8059557669	64.4218297274	-0.0214505664	-0.0264601105	-1468.2514824267	-175.5781702726	
6809.3237453343	  0	1.0792055127	0.1384698259	54.8059557669	64.4218297274	-0.0214505664	-0.0264601105	-1468.2514824267	-175.5781702726	
6809.3237453343	  0	1.0792055127	0.1384698259	54.8059557669	64.4218297274	-0.0214505664	-0.0264601105	-1468.2514824267	-175.5781702726	
6695.6070369317	  0	0.8565870873	0.5399665856	54.8131835250	64.3159810323	-0.0090710754	-0.0170488147	-902.3626199756	-175.6840189677	
6695.6070369317	  0	0.8565870873	0.5399665856	54.8131835250	64.3159810323	-0.0090710754	-0.0170488147	-902.3626199756	-175.6840189677	
6673.2800472345	  0	0.4955415047	0.5289264427	55.2281312500	61.9439240200	-0.0137423607	-0.0020500705	-3184.0993490047	-178.0560759800	
6673.2800472345	  0	0.4955415047	0.5289264427	55.2281312500	61.9439240200	-0.0137423607	-0.0020500705	-3184.0993490047	-178.0560759800	
6625.1066931609	  0	1.0646882257	0.2660358298	54.8622415032	64.1029129745	-0.0058469647	-0.0055406587	-1828.6506390758	-175.8970870255	
6615.7053986282	  0	1.0643000677	0.3978039756	10.0000000000	64.0897750420	-0.0054302985	-0.0041797733	-1792.9247010280	-175.9102249580	
6615.7053986282	  0	1.0643000677	0.3978039756	10.0000000000	64.0897750420	-0.0054302985	-0.0041797733	-1792.9247010280	-175.9102249580	
6615.7053986282	  0	1.0643000677	0.3978039756	10.0000000000	64.0897750420	-0.0054302985	-0.0041797733	-1792.9247010280	-175.9102249580	
6606.6548760296	  0	0.8750186596	0.5264020711	54.8641204172	64.0314998496	-0.0053235686	-0.0029983623	-1265.9259453290	-175.9685001504	
6604.4502610188	  0	0.4441883255	0.5260424091	25.1567114204	64.0384742804	-0.0053628489	-0.0026660005	-1160.4702832764	-175.9615257196	
6604.4502610188	  0	0.4441883255	0.5260424091	25.1567114204	64.0384742804	-0.0053628489	-0.0026660005	-1160.4702832764	-175.9615257196	
6604.4502610188	  0	0.4441883255	0.5260424091	25.1567114204	64.0384742804	-0.0053628489	-0.0026660005	-1160.4702832764	-175.9615257196	
6604.4502610188	  0	0.4441883255	0.5260424091	25.1567114204	64.0384742804	-0.0053628489	-0.0026660005	-1160.4702832764	-175.9615257196	
6604.4502610188	  0	0.4441883255	0.5260424091	25.1567114204	64.0384742804	-0.0053628489	-0.0026660005	-1160.4702832764	-175.9615257196	
6604.4502610188	  0	0.4441883255	0.5260424091	25.1567114204	64.0384742804	-0.0053628489	-0.0026660005	-1160.4702832764	-175.9615257196	
6580.1347164791	  0	1.0597162538	0.5261064392	54.8612618359	41.6614471490	-0.0008939004	-0.0027300013	-534.5390744908	-176.0277432255	
6574.9571948057	  0	1.0597162538	0.2821162158	54.8089242781	64.3638837065	-0.0019040153	-0.0009858182	-1099.3011197147	-175.6361162935	
6572.9173336427	  0	1.0593407187	0.5238213468	54.8083751552	10.0000000000	-0.0015390782	-0.0009494478	-1096.3681648721	-175.6329408410	
6572.9173336427	  0	1.0593407187	0.5238213468	54.8083751552	10.0000000000	-0.0015390782	-0.0009494478	-1096.3681648721	-175.6329408410	
6572.9173336427	  0	1.0593407187	0.5238213468	54.8083751552	10.0000000000	-0.0015390782	-0.0009494478	-1096.3681648721	-175.6329408410	
6565.9306440505	  0	1.0596564164	0.5236214767	54.8752300500	10.0000000000	-0.0005644765	-0.0001117820	-671.6007101005	-176.1016771833	
6565.9306440505	  0	1.0596564164	0.5236214767	54.8752300500	10.0000000000	-0.0005644765	-0.0001117820	-671.6007101005	-176.1016771833	
6564.9267939548	  0	1.0596987259	0.3879278625	54.8995537210	63.7190649239	-0.0001373391	-0.0002273919	-431.1204379941	-176.2809350761	
6564.9267939548	  0	1.0596987259	0.3879278625	54.8995537210	63.7190649239	-0.0001373391	-0.0002273919	-431.1204379941	-176.2809350761	
6564.9267939548	  0	1.0596987259	0.3879278625	54.8995537210	63.7190649239	-0.0001373391	-0.0002273919	-431.1204379941	-176.2809350761	
6564.9267939548	  0	1.0596987259	0.3879278625	54.8995537210	63.7190649239	-0.0001373391	-0.0002273919	-431.1204379941	-176.2809350761	
6562.9113925092	  0	1.0594296410	0.5236005443	10.0000000000	63.8888618012	-0.0005017582	-0.0001719431	-73.2503666854	-176.1111381988	
6562.9113925092	  0	1.0594296410	0.5236005443	10.0000000000	63.8888618012	-0.0005017582	-0.0001719431	-73.2503666854	-176.1111381988	
6562.9113925092	  0	1.0594296410	0.2237794686	54.8667296820	63.8888618012	-0.0005017582	-0.0001719431	-73.2503666854	-176.1111381988	
6562.9113925092	  0	1.0594296410	0.2237794686	54.8667296820	63.8888618012	-0.0005017582	-0.0001719431	-73.2503666854	-176.1111381988	
6562.3867014483	  0	0.6973689720	0.5238787498	54.9019079397	63.6591030099	-0.0000789873	-0.0001145480	-4.2286838382	-176.3408969901	
6562.3867014483	  0	0.6973689720	0.5238787498	54.9019079397	63.6591030099	-0.0000789873	-0.0001145480	-4.2286838382	-176.3408969901	
6562.2659510417	  0	1.0593727280	0.5235350881	54.8678114042	11.0134589824	-0.0004239679	-0.0000961673	-91.4832624206	-176.1160562848	
6562.2659510417	  0	1.0593727280	0.5235350881	54.8678114042	11.0134589824	-0.0004239679	-0.0000961673	-91.4832624206	-176.1160562848	
6562.2659510417	  0	1.0593727280	0.5235350881	54.8678114042	11.0134589824	-0.0004239679	-0.0000961673	-91.4832624206	-176.1160562848	
6561.8804396191	  0	1.0593390875	0.5235674804	10.0000000000	63.8621816375	-0.0003357326	-0.0001015734	-54.9632274681	-176.1378183625	
6561.8804396191	  0	1.0593390875	0.5235674804	10.0000000000	63.8621816375	-0.0003357326	-0.0001015734	-54.9632274681	-176.1378183625	
6561.8462674605	  0	0.6908361074	0.5235355634	54.8672096521	63.8843256757	-0.0003669984	-0.0001023833	-59.0784619460	-176.1156743243	
6562.0165872754	  0	1.0594588136	0.5236266788	19.6147408532	63.7944271551	-0.0002325891	-0.0000506072	-105.0940363214	-176.2055728449	
6562.0165872754	  0	1.0594588136	0.5236266788	19.6147408532	63.7944271551	-0.0002325891	-0.0000506072	-105.0940363214	-176.2055728449	
6562.0165872754	  0	1.0594588136	0.5236266788	19.6147408532	63.7944271551	-0.0002325891	-0.0000506072	-105.0940363214	-176.2055728449	
6562.0165872754	  0	1.0594588136	0.5236266788	19.6147408532	63.7944271551	-0.0002325891	-0.0000506072	-105.0940363214	-176.2055728449	
6561.2962803778	  0	1.0593968845	0.1741244877	54.8828225687	63.7840483455	-0.0001584089	-0.0000241604	-44.8716843533	-176.2159516545	
6561.5105395922	  0	1.0593903608	0.5235656482	54.8767845774	39.8057391033	-0.0002684185	-0.0000411234	-33.3738122513	-176.1789754966	
6561.5105395922	  0	1.0593903608	0.5235656482	54.8767845774	39.8057391033	-0.0002684185	-0.0000411234	-33.3738122513	-176.1789754966	
6561.5105395922	  0	1.0593903608	0.5235656482	54.8767845774	39.8057391033	-0.0002684185	-0.0000411234	-33.3738122513	-176.1789754966	
6561.5105395922	  0	1.0593903608	0.5235656482	54.8767845774	39.8057391033	-0.0002684185	-0.0000411234	-33.3738122513	-176.1789754966	
6561.5105395922	  0	1.0593903608	0.5235656482	54.8767845774	39.8057391033	-0.0002684185	-0.0000411234	-33.3738122513	-176.1789754966	
6561.1030372579	  0	1.0594009242	0.5235709745	54.8810737443	52.5222419658	-0.0001962010	-0.0000055310	-3.8424651981	-176.2092271107	
6561.1242700127	  0	1.0593998243	0.1996486028	54.8812356043	63.7900903965	-0.0001919772	-0.0000089926	-7.0711821027	-176.2099096035	
6561.1242700127	  0	1.0593998243	0.1996486028	54.8812356043	63.7900903965	-0.0001919772	-0.0000089926	-7.0711821027	-176.2099096035	
6561.0328079525	  0	1.0593744520	0.5235813764	18.4940053966	63.7895795929	-0.0001637519	-0.0000129785	-11.0843481892	-176.2104204071	
6561.0328079525	  0	1.0593744520	0.5235813764	18.4940053966	63.7895795929	-0.0001637519	-0.0000129785	-11.0843481892	-176.2104204071	
6561.0328079525	  0	1.0593744520	0.5235813764	18.4940053966	63.7895795929	-0.0001637519	-0.0000129785	-11.0843481892	-176.2104204071	
6561.0328079525	  0	1.0593744520	0.5235813764	18.4940053966	63.7895795929	-0.0001637519	-0.0000129785	-11.0843481892	-176.2104204071	
6560.9486717213	  0	0.0625000000	0.5235723696	54.8814007421	63.7888755151	-0.0001612192	-0.0000038065	-5.4583700674	-176.2111244849	
6560.9486717213	  0	0.0625000000	0.5235723696	54.8814007421	63.7888755151	-0.0001612192	-0.0000038065	-5.4583700674	-176.2111244849	
6560.9486717213	  0	0.0625000000	0.5235723696	54.8814007421	63.7888755151	-0.0001612192	-0.0000038065	-5.4583700674	-176.2111244849	
6560.9283235321	  0	1.0593691538	0.1612859703	54.8813138954	34.1310467101	-0.0001597956	-0.0000008153	-7.3568218914	-176.2103745803	
6560.9283235321	  0	1.0593691538	0.1612859703	54.8813138954	34.1310467101	-0.0001597956	-0.0000008153	-7.3568218914	-176.2103745803	
6560.9283235321	  0	1.0593691538	0.1612859703	54.8813138954	34.1310467101	-0.0001597956	-0.0000008153	-7.3568218914	-176.2103745803	
6560.9283235321	  0	1.0593691538	0.1612859703	54.8813138954	34.1310467101	-0.0001597956	-0.0000008153	-7.3568218914	-176.2103745803	
6560.8942042113	  0	0.9818429208	0.5235681746	40.6237267158	63.7888080833	-0.0001594495	-0.0000003645	-0.0971645999	-176.2111919167	
6560.8942042113	  0	0.9818429208	0.5235681746	40.6237267158	63.7888080833	-0.0001594495	-0.0000003645	-0.0971645999	-176.2111919167	
6560.8942042113	  0	0.9818429208	0.5235681746	40.6237267158	63.7888080833	-0.0001594495	-0.0000003645	-0.0971645999	-176.2111919167	
6560.8937513561	  0	0.8550904576	0.5235681029	54.8813213085	63.7888164581	-0.0001593951	-0.0000002976	-0.1457895581	-176.2111835419	
6560.8937513561	  0	0.8550904576	0.5235681029	54.8813213085	63.7888164581	-0.0001593951	-0.0000002976	-0.1457895581	-176.2111835419	
6560.8913137666	  0	1.0593684973	0.1507865012	54.8813219852	63.7888043695	-0.0001589830	-0.0000002708	-0.0719008918	-176.2111956305	
6560.8912365568	  0	1.0593684313	0.5235680865	54.8813216668	27.7210788176	-0.0001589231	-0.0000002778	-0.1193043841	-176.2111886068	
6560.8912365568	  0	1.0593684313	0.5235680865	54.8813216668	27.7210788176	-0.0001589231	-0.0000002778	-0.1193043841	-176.2111886068	
6560.8906080082	  0	0.9920417909	0.5235680777	54.8813200590	63.7888102306	-0.0001588996	-0.0000002844	-0.0120858401	-176.2111897694	
6560.8906080082	  0	0.9920417909	0.5235680777	54.8813200590	63.7888102306	-0.0001588996	-0.0000002844	-0.0120858401	-176.2111897694	
6560.8903337903	  0	0.8777209753	0.5235680772	54.8813199173	63.7888118178	-0.0001588391	-0.0000002852	-0.0186225865	-176.2111881822	
6560.8903337903	  0	0.8777209753	0.5235680772	54.8813199173	63.7888118178	-0.0001588391	-0.0000002852	-0.0186225865	-176.2111881822	
6560.8901033749	  0	1.0593683112	0.0625000000	54.8813201157	63.7888107313	-0.0001588329	-0.0000002443	-0.0202166266	-176.2111892687	
6560.8901033749	  0	1.0593683112	0.0625000000	54.8813201157	63.7888107313	-0.0001588329	-0.0000002443	-0.0202166266	-176.2111892687	
6560.8899047248	  0	1.0593682718	0.5235680318	54.8813200002	47.1831405982	-0.0001587958	-0.0000002390	-0.0248799659	-176.2111880450	
6560.8899047248	  0	1.0593682718	0.5235680318	54.8813200002	47.1831405982	-0.0001587958	-0.0000002390	-0.0248799659	-176.2111880450	
6560.8899047248	  0	1.0593682718	0.5235680318	54.8813200002	47.1831405982	-0.0001587958	-0.0000002390	-0.0248799659	-176.2111880450	
6560.8897528122	  0	0.0625000000	0.5235680138	54.8813199687	63.7888109261	-0.0001587945	-0.0000002213	-0.0132625776	-176.2111890739	
6560.8897528122	  0	0.0625000000	0.5235680138	54.8813199687	63.7888109261	-0.0001587945	-0.0000002213	-0.0132625776	-176.2111890739	
6560.8897528122	  0	0.0625000000	0.5235680138	54.8813199687	63.7888109261	-0.0001587945	-0.0000002213	-0.0132625776	-176.2111890739	
6560.8896394446	  0	1.0593682636	0.4261964633	54.8813198487	63.7888108790	-0.0001587905	-0.0000002110	-0.0056359391	-176.2111891210	
6560.8896394446	  0	1.0593682636	0.4261964633	54.8813198487	63.7888108790	-0.0001587905	-0.0000002110	-0.0056359391	-176.2111891210	
6560.8896227046	  0	0.8517069384	0.5235680012	36.7116055105	63.7888108023	-0.0001587898	-0.0000002100	-0.0040404769	-176.2111891977	
6560.8896227046	  0	0.8517069384	0.5235680012	36.7116055105	63.7888108023	-0.0001587898	-0.0000002100	-0.0040404769	-176.2111891977	
6560.8896227046	  0	0.8517069384	0.5235680012	36.7116055105	63.7888108023	-0.0001587898	-0.0000002100	-0.0040404769	-176.2111891977	
6560.8895880393	  0	1.0593682624	0.5235679948	35.5111502190	63.7888107674	-0.0001587893	-0.0000002035	-0.0045416551	-176.2111892326	
6560.8895855376	  0	1.0593682622	0.5235679947	29.1843395035	63.7888107523	-0.0001587891	-0.0000002033	-0.0043167500	-176.2111892477	
6560.8895855376	  0	1.0593682622	0.5235679947	29.1843395035	63.7888107523	-0.0001587891	-0.0000002033	-0.0043167500	-176.2111892477	
6560.8895799470	  0	1.0593682618	0.1120037459	54.8813198453	63.7888107526	-0.0001587888	-0.0000002027	-0.0042349794	-176.2111892474	
6560.8895813774	  0	0.4281706648	0.5235679936	54.8813198427	63.7888108098	-0.0001587892	-0.0000002023	-0.0046187080	-176.2111891902	
6560.8895813774	  0	0.4281706648	0.5235679936	54.8813198427	63.7888108098	-0.0001587892	-0.0000002023	-0.0046187080	-176.2111891902	
6560.8895813774	  0	0.4281706648	0.5235679936	54.8813198427	63.7888108098	-0.0001587892	-0.0000002023	-0.0046187080	-176.2111891902	
6560.8895813774	  0	0.4281706648	0.5235679936	54.8813198427	63.7888108098	-0.0001587892	-0.0000002023	-0.0046187080	-176.2111891902	
6560.8895670584	  0	1.0593682620	0.5235679933	54.8813198312	27.7347937290	-0.0001587893	-0.0000002022	-0.0014623743	-176.2111894514	
6560.8895670584	  0	1.0593682620	0.5235679933	54.8813198312	27.7347937290	-0.0001587893	-0.0000002022	-0.0014623743	-176.2111894514	
6560.8895670584	  0	1.0593682620	0.5235679933	54.8813198312	27.7347937290	-0.0001587893	-0.0000002022	-0.0014623743	-176.2111894514	
6560.8895670584	  0	1.0593682620	0.5235679933	54.8813198312	27.7347937290	-0.0001587893	-0.0000002022	-0.0014623743	-176.2111894514	
6560.8895648849	  0	0.7069196842	0.5235679934	54.8813198290	63.7888104985	-0.0001587893	-0.0000002022	-0.0008564170	-176.2111895015	
6560.8895648849	  0	0.7069196842	0.5235679934	54.8813198290	63.7888104985	-0.0001587893	-0.0000002022	-0.0008564170	-176.2111895015	
6560.8895648849	  0	0.7069196842	0.5235679934	54.8813198290	63.7888104985	-0.0001587893	-0.0000002022	-0.0008564170	-176.2111895015	
6560.8895639413	  0	0.5661255826	0.5235679934	54.8813198243	63.7888104856	-0.0001587895	-0.0000002022	-0.0004535408	-176.2111895144	
6560.8895639413	  0	0.5661255826	0.5235679934	54.8813198243	63.7888104856	-0.0001587895	-0.0000002022	-0.0004535408	-176.2111895144	
6560.8895639413	  0	0.5661255826	0.5235679934	54.8813198243	63.7888104856	-0.0001587895	-0.0000002022	-0.0004535408	-176.2111895144	
6560.8895639413	  0	0.5661255826	0.5235679934	54.8813198243	63.7888104856	-0.0001587895	-0.0000002022	-0.0004535408	-176.2111895144	
6560.8895631639	  0	0.1669659201	0.5235679933	54.8813198239	63.7888104903	-0.0001587894	-0.0000002022	-0.0004739589	-176.2111895097	
6560.8895628990	  0	1.0593682620	0.1857126652	54.8813198243	63.7888104844	-0.0001587894	-0.0000002022	-0.0004388494	-176.2111895156	
6560.8895628990	  0	1.0593682620	0.1857126652	54.8813198243	63.7888104844	-0.0001587894	-0.0000002022	-0.0004388494	-176.2111895156	
6560.8895628387	  0	0.0625000000	0.5235679933	41.9172486138	63.7888104843	-0.0001587894	-0.0000002022	-0.0004297493	-176.2111895157	
6560.8895628387	  0	0.0625000000	0.5235679933	41.9172486138	63.7888104843	-0.0001587894	-0.0000002022	-0.0004297493	-176.2111895157	
6560.8895628387	  0	0.0625000000	0.5235679933	41.9172486138	63.7888104843	-0.0001587894	-0.0000002022	-0.0004297493	-176.2111895157	
6560.8895627270	  0	0.8309398938	0.5235679933	54.8813198233	63.7888104849	-0.0001587894	-0.0000002022	-0.0003857184	-176.2111895151	
6560.8895627270	  0	0.8309398938	0.5235679933	54.8813198233	63.7888104849	-0.0001587894	-0.0000002022	-0.0003857184	-176.2111895151	
6560.8895627270	  0	0.8309398938	0.5235679933	54.8813198233	63.7888104849	-0.0001587894	-0.0000002022	-0.0003857184	-176.2111895151	
6560.8895626393	  0	1.0593682620	0.5235679933	10.0000000000	63.7888104839	-0.0001587894	-0.0000002022	-0.0003702543	-176.2111895161	
6560.8895626393	  0	1.0593682620	0.5235679933	10.0000000000	63.7888104839	-0.0001587894	-0.0000002022	-0.0003702543	-176.2111895161	
6560.8895625754	  0	1.0593682620	0.5235679933	11.8335144680	63.7888104820	-0.0001587894	-0.0000002022	-0.0003459337	-176.2111895180	
6560.8895625754	  0	1.0593682620	0.5235679933	11.8335144680	63.7888104820	-0.0001587894	-0.0000002022	-0.0003459337	-176.2111895180	
6560.8895625754	  0	1.0593682620	0.5235679933	11.8335144680	63.7888104820	-0.0001587894	-0.0000002022	-0.0003459337	-176.2111895180	
6560.8895625754	  0	1.0593682620	0.5235679933	11.8335144680	63.7888104820	-0.0001587894	-0.0000002022	-0.0003459337	-176.2111895180	
6560.8895624771	  0	1.0593682620	0.0716338003	54.8813198231	63.7888104821	-0.0001587894	-0.0000002022	-0.0003469898	-176.2111895179	
6560.8895624771	  0	1.0593682620	0.0716338003	54.8813198231	63.7888104821	-0.0001587894	-0.0000002022	-0.0003469898	-176.2111895179	
6560.8895624513	  0	1.0593682620	0.5235679933	53.1509282861	63.7888104817	-0.0001587894	-0.0000002022	-0.0003395546	-176.2111895183	
6560.8895624499	  0	1.0593682620	0.4972193239	54.8813198230	63.7888104818	-0.0001587894	-0.0000002022	-0.0003405334	-176.2111895182	
6560.8895624499	  0	1.0593682620	0.4972193239	54.8813198230	63.7888104818	-0.0001587894	-0.0000002022	-0.0003405334	-176.2111895182	
6560.8895624499	  0	1.0593682620	0.4972193239	54.8813198230	63.7888104818	-0.0001587894	-0.0000002022	-0.0003405334	-176.2111895182	
6560.8895624252	  0	1.0593682620	0.5235679933	54.8813198230	57.1059902348	-0.0001587894	-0.0000002022	-0.0003399276	-176.2111895182	
6560.8895624252	  0	1.0593682620	0.5235679933	54.8813198230	57.1059902348	-0.0001587894	-0.0000002022	-0.0003399276	-176.2111895182	
6560.8895624166	  0	1.0593682620	0.5235679933	54.8813198230	57.9620738904	-0.0001587894	-0.0000002022	-0.0003385656	-176.2111895182	
6560.8895624166	  0	1.0593682620	0.5235679933	54.8813198230	57.9620738904	-0.0001587894	-0.0000002022	-0.0003385656	-176.2111895182	
6560.8895624106	  0	1.0593682620	0.5235679933	54.8813198230	52.2685503623	-0.0001587894	-0.0000002022	-0.0003392147	-176.2111895183	
6560.8895624106	  0	1.0593682620	0.5235679933	54.8813198230	52.2685503623	-0.0001587894	-0.0000002022	-0.0003392147	-176.2111895183	
6560.8895624106	  0	1.0593682620	0.5235679933	54.8813198230	52.2685503623	-0.0001587894	-0.0000002022	-0.0003392147	-176.2111895183	
6560.8895624106	  0	1.0593682620	0.5235679933	54.8813198230	52.2685503623	-0.0001587894	-0.0000002022	-0.0003392147	-176.2111895183	
6560.8895624007	  0	1.0593682620	0.4537092185	54.8813198230	63.7888104816	-0.0001587894	-0.0000002022	-0.0003370289	-176.2111895184	
6560.8895624007	  0	1.0593682620	0.4537092185	54.8813198230	63.7888104816	-0.0001587894	-0.0000002022	-0.0003370289	-176.2111895184	
6560.8895624007	  0	1.0593682620	0.4537092185	54.8813198230	63.7888104816	-0.0001587894	-0.0000002022	-0.0003370289	-176.2111895184	
6560.8895624007	  0	1.0593682620	0.4537092185	54.8813198230	63.7888104816	-0.0001587894	-0.0000002022	-0.0003370289	-176.2111895184	
6560.8895623942	  0	1.0593682620	0.2502299415	54.8813198230	58.3106896431	-0.0001587894	-0.0000002022	-0.0003352570	-176.2111895184	
6560.8895623942	  0	1.0593682620	0.2502299415	54.8813198230	58.3106896431	-0.0001587894	-0.0000002022	-0.0003352570	-176.2111895184	
6560.8895623942	  0	1.0593682620	0.2502299415	54.8813198230	58.3106896431	-0.0001587894	-0.0000002022	-0.0003352570	-176.2111895184	
6560.8895623942	  0	1.0593682620	0.2502299415	54.8813198230	58.3106896431	-0.0001587894	-0.0000002022	-0.0003352570	-176.2111895184	
6560.8895623942	  0	1.0593682620	0.2502299415	54.8813198230	58.3106896431	-0.0001587894	-0.0000002022	-0.0003352570	-176.2111895184	
6560.8895623908	  0	1.0593682620	0.2180713692	10.0000000000	63.7888104815	-0.0001587894	-0.0000002022	-0.0003344796	-176.2111895185	
6560.8895623908	  0	1.0593682620	0.2180713692	10.0000000000	63.7888104815	-0.0001587894	-0.0000002022	-0.0003344796	-176.2111895185	
6560.8895623894	  0	0.7231664066	0.5235679933	54.8813198230	63.7888104815	-0.0001587894	-0.0000002022	-0.0003344426	-176.2111895185	
6560.8895623894	  0	0.7231664066	0.5235679933	54.8813198230	63.7888104815	-0.0001587894	-0.0000002022	-0.0003344426	-176.2111895185	
6560.8895623894	  0	0.7231664066	0.5235679933	54.8813198230	63.7888104815	-0.0001587894	-0.0000002022	-0.0003344426	-176.2111895185	
6560.8895623894	  0	0.7231664066	0.5235679933	54.8813198230	63.7888104815	-0.0001587894	-0.0000002022	-0.0003344426	-176.2111895185	
6560.8895623890	  0	1.0593682620	0.4128306621	54.8813198230	63.7888104815	-0.0001587894	-0.0000002022	-0.0003342503	-176.2111895185	
6560.8895623890	  0	1.0593682620	0.4128306621	54.8813198230	63.7888104815	-0.0001587894	-0.0000002022	-0.0003342503	-176.2111895185	
6560.8895623887	  0	0.1020892263	0.5235679933	54.8813198230	63.7888104815	-0.0001587894	-0.0000002022	-0.0003342372	-176.2111895185	
6560.8895623887	  0	1.0593682620	0.1185292430	54.8813198230	63.7888104815	-0.0001587894	-0.0000002022	-0.0003342673	-176.2111895185	
6560.8895623887	  0	0.3517502883	0.5235679933	18.6221184562	63.7888104815	-0.0001587894	-0.0000002022	-0.0003342626	-176.2111895185	
6560.8895623887	  0	0.3517502883	0.5235679933	18.6221184562	63.7888104815	-0.0001587894	-0.0000002022	-0.0003342626	-176.2111895185	
6560.8895623887	  0	0.3517502883	0.5235679933	18.6221184562	63.7888104815	-0.0001587894	-0.0000002022	-0.0003342626	-176.2111895185	
6560.8895623887	  0	0.3517502883	0.5235679933	18.6221184562	63.7888104815	-0.0001587894	-0.0000002022	-0.0003342626	-176.2111895185	
6560.8895623884	  0	1.0593682620	0.2389956266	54.8813198230	63.7888104815	-0.0001587894	-0.0000002022	-0.0003342060	-176.2111895185	
6560.8895623884	  0	1.0593682620	0.0625000000	54.8813198230	63.7888104815	-0.0001587894	-0.0000002022	-0.0003342263	-176.2111895185	
6560.8895623883	  0	0.0625000000	0.5235679933	54.8813198230	63.7888104815	-0.0001587894	-0.0000002022	-0.0003342074	-176.2111895185	
6560.8895623883	  0	0.0625000000	0.5235679933	54.8813198230	63.7888104815	-0.0001587894	-0.0000002022	-0.0003342074	-176.2111895185	
6560.8895623883	  0	0.0625000000	0.5235679933	54.8813198230	63.7888104815	-0.0001587894	-0.0000002022	-0.0003342074	-176.2111895185	
6560.8895623883	  0	0.0625000000	0.5235679933	54.8813198230	63.7888104815	-0.0001587894	-0.0000002022	-0.0003342074	-176.2111895185	
6560.8895623882	  0	1.0593682620	0.5235679933	50.2538584514	63.7888104815	-0.0001587894	-0.0000002022	-0.0003341951	-176.2111895185	
6560.8895623882	  0	1.0593682620	0.5235679933	50.2538584514	63.7888104815	-0.0001587894	-0.0000002022	-0.0003341951	-176.2111895185	
6560.8895623882	  0	1.0593682620	0.5235679933	50.2538584514	63.7888104815	-0.0001587894	-0.0000002022	-0.0003341951	-176.2111895185	
6560.8895623881	  0	0.4452938087	0.5235679933	54.8813198230	63.7888104815	-0.0001587894	-0.0000002022	-0.0003341851	-176.2111895185	
6560.8895623881	  0	0.4452938087	0.5235679933	54.8813198230	63.7888104815	-0.0001587894	-0.0000002022	-0.0003341851	-176.2111895185	
6560.8895623881	  0	1.0593682620	0.5235679933	54.8813198230	10.0000000000	-0.0001587894	-0.0000002022	-0.0003341842	-176.2111895185	
6560.8895623881	  0	1.0593682620	0.5235679933	54.8813198230	10.0000000000	-0.0001587894	-0.0000002022	-0.0003341842	-176.2111895185	
6560.8895623881	  0	1.0593682620	0.5235679933	54.8813198230	10.0000000000	-0.0001587894	-0.0000002022	-0.0003341837	-176.2111895185	
6560.8895623881	  0	1.0593682620	0.5235679933	54.8813198230	10.0000000000	-0.0001587894	-0.0000002022	-0.0003341837	-176.2111895185	
6560.8895623881	  0	1.0593682620	0.5235679933	54.8813198230	10.0000000000	-0.0001587894	-0.0000002022	-0.0003341837	-176.2111895185	
6560.8895623881	  0	1.0593682620	0.5235679933	54.8813198230	10.0000000000	-0.0001587894	-0.0000002022	-0.0003341837	-176.2111895185	
6560.8895623881	  0	1.0593682620	0.1225221041	54.8813198230	63.7888104815	-0.0001587894	-0.0000002022	-0.0003341790	-176.2111895185	
6560.8895623881	  0	1.0593682620	0.1225221041	54.8813198230	63.7888104815	-0.0001587894	-0.0000002022	-0.0003341790	-176.2111895185	
6560.8895623881	  0	1.0593682620	0.5235679933	10.1681135944	63.7888104815	-0.0001587894	-0.0000002022	-0.0003341779	-176.2111895185	
6560.8895623881	  0	1.0593682620	0.5235679933	10.1681135944	63.7888104815	-0.0001587894	-0.0000002022	-0.0003341779	-176.2111895185	
6560.8895623881	  0	1.0593682620	0.4769511993	54.8813198230	63.7888104815	-0.0001587894	-0.0000002022	-0.0003341776	-176.2111895185	
6560.8895623881	  0	1.0593682620	0.5235679933	54.8813198230	63.7888104815	-0.0001587894	-0.0000002022	-0.0003341758	-176.2111895185	
